0.15001234 0.30001234 0.45001234 -0.07001234 0.30001234 0.45001234 -0.07001234
0.16871234 0.33741234 0.50611234 -0.05131234 0.33741234 0.50611234 -0.05131234
0.18741234 0.37471234 0.56211234 -0.03261234 0.37471234 0.56211234 -0.03261234
0.20611234 0.41211234 0.61821234 -0.01391234 0.41211234 0.61821234 -0.01391234
0.22471234 0.44951234 0.67421234 0.00471234 0.44951234 0.67421234 0.00471234
0.24341234 0.48691234 0.73031234 0.02341234 0.48691234 0.73031234 0.02341234
0.26211234 0.52421234 0.78641234 0.04211234 0.52421234 0.78641234 0.04211234
0.28081234 0.56161234 0.84241234 0.06081234 0.56161234 0.84241234 0.06081234
0.29951234 0.59901234 0.89851234 0.07951234 0.59901234 0.89851234 0.07951234
0.31821234 0.63641234 0.95451234 0.09821234 0.63641234 0.95451234 0.09821234
0.33691234 0.67371234 1.01061234 0.11691234 0.67371234 1.01061234 0.11691234
0.35561234 0.71111234 1.06671234 0.13561234 0.71111234 1.06671234 0.13561234
0.37421234 0.74851234 1.12271234 0.15421234 0.74851234 1.12271234 0.15421234
0.39291234 0.78591234 1.17881234 0.17291234 0.78591234 1.17881234 0.17291234
0.41161234 0.82321234 1.23481234 0.19161234 0.82321234 1.23481234 0.19161234
0.43031234 0.86061234 1.29091234 0.21031234 0.86061234 1.29091234 0.21031234
0.44901234 0.89801234 1.34701234 0.22901234 0.89801234 1.34701234 0.22901234
0.46771234 0.93541234 1.40301234 0.24771234 0.93541234 1.40301234 0.24771234
0.48641234 0.97271234 1.45911234 0.26641234 0.97271234 1.45911234 0.26641234
0.50511234 1.01011234 1.51521234 0.28511234 1.01011234 1.51521234 0.28511234
0.52371234 1.04751234 1.57121234 0.30371234 1.04751234 1.57121234 0.30371234
0.54241234 1.08481234 1.62731234 0.32241234 1.08481234 1.62731234 0.32241234
0.56111234 1.12221234 1.68331234 0.34111234 1.12221234 1.68331234 0.34111234
0.57981234 1.15961234 1.73941234 0.35981234 1.15961234 1.73941234 0.35981234
0.59851234 1.19701234 1.79551234 0.37851234 1.19701234 1.79551234 0.37851234
0.61721234 1.23431234 1.85151234 0.39721234 1.23431234 1.85151234 0.39721234
0.63591234 1.27171234 1.90761234 0.41591234 1.27171234 1.90761234 0.41591234
0.65451234 1.30911234 1.96361234 0.43451234 1.30911234 1.96361234 0.43451234
0.67321234 1.34651234 2.01971234 0.45321234 1.34651234 2.01971234 0.45321234
0.69191234 1.38381234 2.07581234 0.47191234 1.38381234 2.07581234 0.47191234
0.71061234 1.42121234 2.13181234 0.49061234 1.42121234 2.13181234 0.49061234
0.72931234 1.45861234 2.18791234 0.50931234 1.45861234 2.18791234 0.50931234
0.74801234 1.49601234 2.24391234 0.52801234 1.49601234 2.24391234 0.52801234
0.76671234 1.53331234 2.30001234 0.54671234 1.53331234 2.30001234 0.54671234
0.78541234 1.57071234 2.35611234 0.56541234 1.57071234 2.35611234 0.56541234
0.80401234 1.60811234 2.41211234 0.58401234 1.60811234 2.41211234 0.58401234
0.82271234 1.64551234 2.46821234 0.60271234 1.64551234 2.46821234 0.60271234
0.84141234 1.68281234 2.52421234 0.62141234 1.68281234 2.52421234 0.62141234
0.86011234 1.72021234 2.58031234 0.64011234 1.72021234 2.58031234 0.64011234
0.87881234 1.75761234 2.63641234 0.65881234 1.75761234 2.63641234 0.65881234
0.89751234 1.79491234 2.69241234 0.67751234 1.79491234 2.69241234 0.67751234
0.91621234 1.83231234 2.74851234 0.69621234 1.83231234 2.74851234 0.69621234
0.93481234 1.86971234 2.80451234 0.71481234 1.86971234 2.80451234 0.71481234
0.95351234 1.90711234 2.86061234 0.73351234 1.90711234 2.86061234 0.73351234
0.97221234 1.94441234 2.91671234 0.75221234 1.94441234 2.91671234 0.75221234
0.99091234 1.98181234 2.97271234 0.77091234 1.98181234 2.97271234 0.77091234
1.00961234 2.01921234 3.02881234 0.78961234 2.01921234 3.02881234 0.78961234
1.02831234 2.05661234 3.08481234 0.80831234 2.05661234 3.08481234 0.80831234
1.04701234 2.09391234 3.14091234 0.82701234 2.09391234 3.14091234 0.82701234
1.06571234 2.13131234 3.19701234 0.84571234 2.13131234 3.19701234 0.84571234
1.08431234 2.16871234 3.25301234 0.86431234 2.16871234 3.25301234 0.86431234
1.10301234 2.20611234 3.30911234 0.88301234 2.20611234 3.30911234 0.88301234
1.12171234 2.24341234 3.36521234 0.90171234 2.24341234 3.36521234 0.90171234
1.14041234 2.28081234 3.42121234 0.92041234 2.28081234 3.42121234 0.92041234
1.15911234 2.31821234 3.47731234 0.93911234 2.31821234 3.47731234 0.93911234
1.17781234 2.35561234 3.53331234 0.95781234 2.35561234 3.53331234 0.95781234
1.19651234 2.39291234 3.58941234 0.97651234 2.39291234 3.58941234 0.97651234
1.21521234 2.43031234 3.64551234 0.99521234 2.43031234 3.64551234 0.99521234
1.23381234 2.46771234 3.70151234 1.01381234 2.46771234 3.70151234 1.01381234
1.25251234 2.50511234 3.75761234 1.03251234 2.50511234 3.75761234 1.03251234
1.27121234 2.54241234 3.81361234 1.05121234 2.54241234 3.81361234 1.05121234
1.28991234 2.57981234 3.86971234 1.06991234 2.57981234 3.86971234 1.06991234
1.30861234 2.61721234 3.92581234 1.08861234 2.61721234 3.92581234 1.08861234
1.32731234 2.65451234 3.98181234 1.10731234 2.65451234 3.98181234 1.10731234
1.34601234 2.69191234 4.03791234 1.12601234 2.69191234 4.03791234 1.12601234
1.36461234 2.72931234 4.09391234 1.14461234 2.72931234 4.09391234 1.14461234
1.38331234 2.76671234 4.15001234 1.16331234 2.76671234 4.15001234 1.16331234
1.40201234 2.80401234 4.20611234 1.18201234 2.80401234 4.20611234 1.18201234
1.42071234 2.84141234 4.26211234 1.20071234 2.84141234 4.26211234 1.20071234
1.43941234 2.87881234 4.31821234 1.21941234 2.87881234 4.31821234 1.21941234
1.45811234 2.91621234 4.37421234 1.23811234 2.91621234 4.37421234 1.23811234
1.47681234 2.95351234 4.43031234 1.25681234 2.95351234 4.43031234 1.25681234
1.49551234 2.99091234 4.48641234 1.27551234 2.99091234 4.48641234 1.27551234
1.51411234 3.02831234 4.54241234 1.29411234 3.02831234 4.54241234 1.29411234
1.53281234 3.06571234 4.59851234 1.31281234 3.06571234 4.59851234 1.31281234
1.55151234 3.10301234 4.65451234 1.33151234 3.10301234 4.65451234 1.33151234
1.57021234 3.14041234 4.71061234 1.35021234 3.14041234 4.71061234 1.35021234
1.58891234 3.17781234 4.76671234 1.36891234 3.17781234 4.76671234 1.36891234
1.60761234 3.21521234 4.82271234 1.38761234 3.21521234 4.82271234 1.38761234
1.62631234 3.25251234 4.87881234 1.40631234 3.25251234 4.87881234 1.40631234
1.64491234 3.28991234 4.93481234 1.42491234 3.28991234 4.93481234 1.42491234
1.66361234 3.32731234 4.99091234 1.44361234 3.32731234 4.99091234 1.44361234
1.68231234 3.36461234 5.04701234 1.46231234 3.36461234 5.04701234 1.46231234
1.70101234 3.40201234 5.10301234 1.48101234 3.40201234 5.10301234 1.48101234
1.71971234 3.43941234 5.15911234 1.49971234 3.43941234 5.15911234 1.49971234
1.73841234 3.47681234 5.21521234 1.51841234 3.47681234 5.21521234 1.51841234
1.75711234 3.51411234 5.27121234 1.53711234 3.51411234 5.27121234 1.53711234
1.77581234 3.55151234 5.32731234 1.55581234 3.55151234 5.32731234 1.55581234
1.79441234 3.58891234 5.38331234 1.57441234 3.58891234 5.38331234 1.57441234
1.81311234 3.62631234 5.43941234 1.59311234 3.62631234 5.43941234 1.59311234
1.83181234 3.66361234 5.49551234 1.61181234 3.66361234 5.49551234 1.61181234
1.85051234 3.70101234 5.55151234 1.63051234 3.70101234 5.55151234 1.63051234
1.86921234 3.73841234 5.60761234 1.64921234 3.73841234 5.60761234 1.64921234
1.88791234 3.77581234 5.66361234 1.66791234 3.77581234 5.66361234 1.66791234
1.90661234 3.81311234 5.71971234 1.68661234 3.81311234 5.71971234 1.68661234
1.92531234 3.85051234 5.77581234 1.70531234 3.85051234 5.77581234 1.70531234
1.94391234 3.88791234 5.83181234 1.72391234 3.88791234 5.83181234 1.72391234
1.96261234 3.92531234 5.88791234 1.74261234 3.92531234 5.88791234 1.74261234
1.98131234 3.96261234 5.94391234 1.76131234 3.96261234 5.94391234 1.76131234
2.00001234 4.00001234 6.00001234 1.78001234 4.00001234 6.00001234 1.78001234